rect1;37;21;11
rect2;38;23;10
rect3;38;24;14
rect4;40;22;15
rect5;39;30;12
rect6;45;27;12
rect7;39;20;19
rect8;47;32;10
rect9;41;22;17
rect10;48;20;16
rect11;37;35;12
rect12;36;36;12
rect13;47;21;16
rect14;37;29;15
rect15;49;22;15
rect16;51;23;14
rect17;39;39;11
rect18;44;23;17
rect19;41;30;14
rect20;42;26;16
rect21;55;29;11
rect22;44;20;20
rect23;41;24;18
rect24;39;31;15
rect25;54;20;17
rect26;43;24;18
rect27;44;25;17
rect28;53;30;12
rect29;42;38;12
rect30;35;29;19
rect31;40;35;14
rect32;41;40;12
rect33;49;24;17
rect34;52;35;11
rect35;37;25;22
rect36;38;24;23
rect37;53;20;20
rect38;50;39;11
rect39;49;37;12
rect40;45;27;18
rect41;53;32;13
rect42;43;27;19
rect43;37;30;20
rect44;52;39;11
rect45;43;40;13
rect46;39;32;18
rect47;51;21;21
rect48;56;31;13
rect49;52;40;11
rect50;49;26;18
rect51;52;34;13
rect52;42;24;23
rect53;38;34;18
rect54;35;28;24
rect55;46;40;13
rect56;46;25;21
rect57;54;32;14
rect58;37;30;22
rect59;56;39;23
rect60;53;32;15
rect61;38;34;20
rect62;50;24;22
rect63;46;25;23
rect64;39;33;21
rect65;50;32;17
rect66;51;34;16
rect67;38;35;21
rect68;51;24;23
rect69;51;34;17
rect70;40;37;20
rect71;47;35;18
rect72;56;39;23
rect73;42;34;21
rect74;50;34;18
rect75;51;29;21
rect76;37;37;23
rect77;49;28;23
rect78;49;34;19
rect79;46;29;24
rect80;39;39;22
rect81;44;35;23
rect82;56;39;23
rect83;49;38;20
rect84;54;29;24
rect85;45;39;22
rect86;48;35;23
rect87;51;33;24
rect88;55;41;18
rect89;54;41;20
rect90;53;41;21
rect91;49;41;23
rect92;55;38;23
rect93;52;39;24
rect94;56;39;23
